0		1		0		50.0
3		1		0		50.0
0		2		0		61.745408682593826
4		2		0		88.25459131740617
1		1		1		50.0
5		1		1		50.0
3		2		0		91.41950123710083
6		2		0		58.58049876289917
4		3		0		92.35236981507656
7		3		0		95.90222150232961
0		3		0		66.82124148853931
8		3		0		94.9241671940545
1		2		1		61.02094437966565
9		2		1		88.97905562033435
0		4		0		69.7078474559503
10		4		0		97.11339403258901
3		3		0		93.71627665937152
11		3		0		97.7032245777293
11		4		0		99.51762734522775
12		4		0		98.18559723250154
4		4		0		95.76819842090116
13		4		0		96.5841713941754
6		3		0		90.47343570838476
14		3		0		68.10706305451443
11		5		0		99.51762734522775
15		5		0		100.0
12		5		0		98.18559723250154
16		5		0		100.0
5		2		1		82.9120524889798
17		2		1		67.0879475110202
6		4		0		95.65005188794635
18		4		0		94.82338382043841
11		6		0		99.51762734522775
19		6		0		100.0
