1		1		1		50.0
5		1		1		50.0
2		1		2		50.0
6		1		2		50.0
3		1		3		50.0
7		1		3		50.0
4		1		4		50.0
8		1		4		50.0
1		2		1		61.760527848630865
9		2		1		88.23947215136914
2		2		2		66.07702061888119
10		2		2		83.92297938111881
3		2		3		58.46832223082124
11		2		3		91.53167776917877
2		3		2		68.33575910903187
12		3		2		97.74126150984934
11		3		3		96.3589344818797
13		3		3		95.17274328729908
2		4		2		70.9608897254775
14		4		2		97.37486938355437
3		3		3		68.00600735485997
15		3		3		90.46231487596124
6		2		2		91.40515488914356
16		2		2		58.59484511085644
13		4		3		97.63219020123314
17		4		3		97.54055308606593
2		5		2		72.16274324375023
18		5		2		98.79814648172727
6		3		2		94.04162831640076
19		3		2		97.3635265727428
4		2		4		63.59820981590265
20		2		4		86.40179018409735
8		2		4		81.30905105063732
21		2		4		68.69094894936268
12		4		2		98.74240660433867
22		4		2		98.99885490551067
16		3		2		88.73496949902895
23		3		2		69.85987561182749
18		6		2		100.0
24		6		2		98.79814648172727
5		2		1		86.34082731258856
25		2		1		63.65917268741145
8		3		4		93.52180373515742
26		3		4		87.78724731547992
12		5		2		100.0
27		5		2		98.74240660433867
14		5		2		98.2476422201959
28		5		2		99.12722716335848
15		4		3		95.24973520962851
29		4		3		95.21257966633274
22		5		2		98.99885490551067
30		5		2		100.0
24		7		2		98.79814648172727
31		7		2		100.0
0		1		0		50.0
32		1		0		50.0
3		4		3		70.60274919051082
33		4		3		97.40325816434915
4		3		4		71.55712603001405
34		3		4		92.0410837858886
5		3		1		95.13249389761756
35		3		1		91.208333414971
9		3		1		96.41122617934506
36		3		1		91.82824597202406
13		5		3		97.63219020123314
37		5		3		100.0
14		6		2		100.0
38		6		2		98.2476422201959
19		4		2		98.52226612676009
39		4		2		98.8412604459827
20		3		4		95.60131570524088
40		3		4		90.80047447885647
27		6		2		98.74240660433867
41		6		2		100.0
1		3		1		68.25655121647425
42		3		1		93.50397663215661
4		4		4		74.62055512741355
43		4		4		96.93657090260052
17		5		3		100.0
44		5		3		97.54055308606593
25		3		1		96.10226425075146
45		3		1		67.55690843666
31		8		2		100.0
46		8		2		100.0
40		4		4		95.56731413841653
47		4		4		95.23316034043995
