0		1		0		50.0
3		1		0		50.0
1		1		1		50.0
4		1		1		50.0
0		2		0		61.211502792981086
5		2		0		88.7884972070189
0		3		0		68.03116727803004
6		3		0		93.18033551495105
3		2		0		91.99226875051218
7		2		0		58.00773124948782
7		3		0		91.14881426210486
8		3		0		66.85891698738295
1		2		1		62.87548576254274
9		2		1		87.12451423745726
6		4		0		96.49508827909766
10		4		0		96.6852472358534
7		4		0		93.65155184519016
11		4		0		97.49726241691471
8		4		0		97.89606172458353
12		4		0		68.96285526279942
3		3		0		95.50583036081247
13		3		0		96.48643838969971
9		3		1		91.23407811741743
14		3		1		95.89043612003982
5		3		0		97.2360061433422
15		3		0		91.55249106367673
9		4		1		96.71089421367985
16		4		1		94.52318390373759
10		5		0		98.80110183358212
17		5		0		97.88414540227127
14		4		1		98.84407611013488
18		4		1		97.04636000990496
3		4		0		96.70768387908521
19		4		0		98.79814648172727
4		2		1		88.39813619319922
20		2		1		61.601863806800786
5		4		0		100.0
21		4		0		97.2360061433422
9		5		1		100.0
22		5		1		96.71089421367985
10		6		0		100.0
23		6		0		98.80110183358212
14		5		1		98.84407611013488
24		5		1		100.0
17		6		0		100.0
25		6		0		97.88414540227127
0		4		0		73.10773308310422
26		4		0		94.92343419492582
5		5		0		100.0
27		5		0		100.0
9		6		1		100.0
28		6		1		100.0
11		5		0		98.75485581257604
29		5		0		98.74240660433867
22		6		1		98.74240660433867
30		6		1		97.96848760934118
24		6		1		100.0
31		6		1		100.0
