0		1		0		50.0
3		1		0		50.0
0		2		0		63.47814010978697
4		2		0		86.52185989021302
4		3		0		92.4111559576825
5		3		0		94.11070393253054
2		1		2		50.0
6		1		2		50.0
3		2		0		92.96968405930656
7		2		0		57.03031594069344
1		1		1		50.0
8		1		1		50.0
5		4		0		97.12582758324871
9		4		0		96.98487634928183
4		4		0		99.14308054996924
10		4		0		93.26807540771324
7		3		0		93.83575782502128
11		3		0		63.19455811567216
2		2		2		63.32409852276899
12		2		2		86.67590147723101
0		3		0		70.9765053161512
13		3		0		92.50163479363577
6		2		2		86.95515295106654
14		2		2		63.04484704893346
5		5		0		100.0
15		5		0		97.12582758324871
11		4		0		89.3790543673927
16		4		0		73.81550374827947
12		3		2		91.62601069850574
17		3		2		95.04989077872527
0		4		0		71.36724050677223
18		4		0		99.60926480937897
14		3		2		92.35713600741397
19		3		2		70.68771104151949
1		2		1		63.45855730982215
20		2		1		86.54144269017785
8		2		1		89.61149093003915
21		2		1		60.38850906996085
11		5		0		95.4557757594301
22		5		0		93.9232786079626
19		4		2		97.26099877006958
23		4		2		73.42671227144993
