1		1		1		50.0
3		1		1		50.0
1		2		1		59.74694376250166
4		2		1		90.25305623749834
2		1		2		50.0
5		1		2		50.0
5		2		2		85.74745725113289
6		2		2		64.25254274886711
2		2		2		66.31735618592914
7		2		2		83.68264381407086
3		2		1		87.44831820042688
8		2		1		62.551681799573124
2		3		2		68.3527875974626
9		3		2		97.96456858846653
6		3		2		92.80726567056266
10		3		2		71.44527707830446
7		3		2		90.34501816959451
11		3		2		93.33762564447635
1		3		1		66.49683204155808
12		3		1		93.25011172094358
8		3		1		95.84219560412194
13		3		1		66.70948619545118
6		4		2		97.01470905468177
14		4		2		95.79255661588088
7		4		2		95.44437795707115
15		4		2		94.90064021252334
8		4		1		97.75003664639013
16		4		1		98.09215895773181
11		4		2		97.24692625846218
17		4		2		96.09069938601418
4		3		1		96.4759514331323
18		3		1		93.77710480436605
5		3		2		95.18061224213064
19		3		2		90.56684500900225
14		5		2		100.0
20		5		2		95.79255661588088
15		5		2		98.40610798007646
21		5		2		96.4945322324469
10		4		2		97.97328084036549
22		4		2		73.47199623793898
13		4		1		95.50462683585357
23		4		1		71.20485935959762
18		4		1		95.47633835898385
24		4		1		98.30076644538221
21		6		2		99.46091601281125
25		6		2		97.03361621963565
7		5		2		97.09227684419619
26		5		2		98.35210111287496
9		4		2		97.96456858846653
27		4		2		100.0
13		5		1		96.71873073745286
28		5		1		98.78589609840071
21		7		2		100.0
29		7		2		99.46091601281125
22		5		2		98.88513439906001
30		5		2		74.58686183887897
9		5		2		100.0
31		5		2		97.96456858846653
27		5		2		100.0
32		5		2		100.0
28		6		1		100.0
33		6		1		98.78589609840071
29		8		2		99.46091601281125
34		8		2		100.0
8		5		1		97.75003664639013
35		5		1		100.0
9		6		2		100.0
36		6		2		100.0
14		6		2		100.0
37		6		2		100.0
15		6		2		100.0
38		6		2		98.40610798007646
2		4		2		69.79647885579872
39		4		2		98.55630874166387
8		6		1		98.88513439906001
40		6		1		98.86490224733012
19		4		2		97.24086582880955
41		4		2		93.3259791801927
27		6		2		100.0
42		6		2		100.0
32		6		2		100.0
43		6		2		100.0
0		1		0		50.0
44		1		0		50.0
3		3		1		94.9201195107054
45		3		1		92.52819868972146
10		5		2		99.56620501447425
46		5		2		98.40707582589123
16		5		1		99.52097358101645
47		5		1		98.57118537671536
31		6		2		97.96456858846653
48		6		2		100.0
38		7		2		99.52097358101645
49		7		2		98.88513439906001
41		5		2		96.41486231862936
50		5		2		96.91111686156336
7		6		2		99.14308054996924
51		6		2		97.94919629422697
11		5		2		98.40707582589123
52		5		2		98.83985043257096
12		4		1		98.78589609840071
53		4		1		94.46421562254285
16		6		1		100.0
54		6		1		99.52097358101645
20		6		2		98.78589609840071
55		6		2		97.00666051748017
22		6		2		98.88513439906001
56		6		2		100.0
25		7		2		97.03361621963565
57		7		2		100.0
27		7		2		100.0
58		7		2		100.0
29		9		2		99.46091601281125
59		9		2		100.0
30		6		2		100.0
60		6		2		74.58686183887897
35		6		1		100.0
61		6		1		100.0
36		7		2		100.0
62		7		2		100.0
4		4		1		97.66759831711137
63		4		1		98.80835311602092
10		6		2		100.0
64		6		2		99.56620501447425
15		7		2		100.0
65		7		2		100.0
35		7		1		100.0
66		7		1		100.0
36		8		2		100.0
67		8		2		100.0
42		7		2		100.0
68		7		2		100.0
43		7		2		100.0
69		7		2		100.0
53		5		1		95.57908122348286
70		5		1		98.88513439906001
