0		1		0		50.0
1		1		0		50.0
0		2		0		61.1624572481298
2		2		0		88.8375427518702
1		2		0		90.99428135627163
3		2		0		59.005718643728365
0		3		0		67.33709373582366
4		3		0		93.82536351230614
1		3		0		97.6911751582712
5		3		0		93.30310619800044
2		3		0		92.05792368818659
6		3		0		96.77961906368361
3		3		0		87.18858363440852
7		3		0		71.81713500931983
0		4		0		72.88568457046969
8		4		0		94.45140916535398
1		4		0		98.66405413098569
9		4		0		99.0271210272855
2		4		0		96.77973491240175
10		4		0		95.27818877578484
3		4		0		89.58460214894262
11		4		0		97.60398148546592
4		4		0		95.4182876864149
12		4		0		98.40707582589123
5		4		0		93.30310619800044
13		4		0		100.0
6		4		0		98.57118537671536
14		4		0		98.20843368696825
7		4		0		100.0
15		4		0		71.81713500931983
0		5		0		74.19612664825794
16		5		0		98.68955792221175
1		5		0		99.52097358101645
17		5		0		99.14308054996924
2		5		0		99.50965588316505
18		5		0		97.2700790292367
3		5		0		96.09506693036933
19		5		0		93.48953521857328
4		5		0		97.9829309825402
20		5		0		97.4353567038747
5		5		0		97.19297192429195
21		5		0		96.1101342737085
6		5		0		100.0
22		5		0		98.57118537671536
7		5		0		100.0
23		5		0		100.0
8		5		0		95.58226579591417
24		5		0		98.86914336943981
9		5		0		99.56620501447425
25		5		0		99.46091601281125
10		5		0		97.52396033647058
26		5		0		97.75422843931426
11		5		0		97.99471667608695
27		5		0		99.60926480937897
12		5		0		98.40707582589123
28		5		0		100.0
13		5		0		100.0
29		5		0		100.0
14		5		0		100.0
30		5		0		98.20843368696825
15		5		0		100.0
31		5		0		71.81713500931983
0		6		0		74.19612664825794
32		6		0		100.0
1		6		0		100.0
33		6		0		99.52097358101645
2		6		0		100.0
34		6		0		99.50965588316505
3		6		0		98.18383163191588
35		6		0		97.91123529845345
4		6		0		100.0
36		6		0		97.9829309825402
5		6		0		100.0
37		6		0		97.19297192429195
6		6		0		100.0
38		6		0		100.0
7		6		0		100.0
39		6		0		100.0
8		6		0		98.78589609840071
40		6		0		96.79636969751346
9		6		0		100.0
41		6		0		99.56620501447425
10		6		0		98.48063307816963
42		6		0		99.04332725830095
11		6		0		97.99471667608695
43		6		0		100.0
12		6		0		98.40707582589123
44		6		0		100.0
13		6		0		100.0
45		6		0		100.0
14		6		0		100.0
46		6		0		100.0
15		6		0		100.0
47		6		0		100.0
16		6		0		98.68955792221175
48		6		0		100.0
17		6		0		99.14308054996924
49		6		0		100.0
18		6		0		100.0
50		6		0		97.2700790292367
19		6		0		98.0977852788403
51		6		0		95.39174993973299
20		6		0		100.0
52		6		0		97.4353567038747
21		6		0		97.97138179638083
53		6		0		98.13875247732767
22		6		0		100.0
54		6		0		98.57118537671536
23		6		0		100.0
55		6		0		100.0
24		6		0		98.86914336943981
56		6		0		100.0
25		6		0		99.46091601281125
57		6		0		100.0
26		6		0		98.18802342484001
58		6		0		99.56620501447425
27		6		0		100.0
59		6		0		99.60926480937897
28		6		0		100.0
60		6		0		100.0
29		6		0		100.0
61		6		0		100.0
30		6		0		99.32766683226339
62		6		0		98.88076685470486
31		6		0		99.50965588316505
63		6		0		72.30747912615479
0		7		0		74.19612664825794
64		7		0		100.0
1		7		0		100.0
65		7		0		100.0
2		7		0		100.0
66		7		0		100.0
3		7		0		99.29869723285587
67		7		0		98.88513439906001
4		7		0		100.0
68		7		0		100.0
5		7		0		100.0
69		7		0		100.0
6		7		0		100.0
70		7		0		100.0
7		7		0		100.0
71		7		0		100.0
8		7		0		100.0
72		7		0		98.78589609840071
9		7		0		100.0
73		7		0		100.0
10		7		0		100.0
74		7		0		98.48063307816963
11		7		0		98.66704984382356
75		7		0		99.32766683226339
12		7		0		100.0
76		7		0		98.40707582589123
13		7		0		100.0
77		7		0		100.0
14		7		0		100.0
78		7		0		100.0
15		7		0		100.0
79		7		0		100.0
16		7		0		99.22864190940048
80		7		0		99.46091601281125
17		7		0		99.14308054996924
81		7		0		100.0
18		7		0		100.0
82		7		0		100.0
19		7		0		98.0977852788403
83		7		0		100.0
20		7		0		100.0
84		7		0		100.0
21		7		0		100.0
85		7		0		97.97138179638083
22		7		0		100.0
86		7		0		100.0
23		7		0		100.0
87		7		0		100.0
24		7		0		98.86914336943981
88		7		0		100.0
25		7		0		99.46091601281125
89		7		0		100.0
26		7		0		98.66704984382356
90		7		0		99.52097358101645
27		7		0		100.0
91		7		0		100.0
28		7		0		100.0
92		7		0		100.0
29		7		0		100.0
93		7		0		100.0
30		7		0		100.0
94		7		0		99.32766683226339
31		7		0		99.50965588316505
95		7		0		100.0
32		7		0		100.0
96		7		0		100.0
33		7		0		99.52097358101645
97		7		0		100.0
34		7		0		100.0
98		7		0		99.50965588316505
35		7		0		100.0
99		7		0		97.91123529845345
36		7		0		99.14308054996924
100		7		0		98.83985043257096
37		7		0		98.40707582589123
101		7		0		98.78589609840071
38		7		0		100.0
102		7		0		100.0
39		7		0		100.0
103		7		0		100.0
40		7		0		98.88513439906001
104		7		0		97.91123529845345
41		7		0		99.56620501447425
105		7		0		100.0
42		7		0		99.04332725830095
106		7		0		100.0
43		7		0		100.0
107		7		0		100.0
44		7		0		100.0
108		7		0		100.0
45		7		0		100.0
109		7		0		100.0
46		7		0		100.0
110		7		0		100.0
47		7		0		100.0
111		7		0		100.0
48		7		0		100.0
112		7		0		100.0
49		7		0		100.0
113		7		0		100.0
50		7		0		97.2700790292367
114		7		0		100.0
51		7		0		96.91111686156336
115		7		0		98.48063307816963
52		7		0		98.33993148484798
116		7		0		99.09542521902674
53		7		0		99.04332725830095
117		7		0		99.09542521902674
54		7		0		100.0
118		7		0		98.57118537671536
55		7		0		100.0
119		7		0		100.0
56		7		0		100.0
120		7		0		100.0
57		7		0		100.0
121		7		0		100.0
58		7		0		99.56620501447425
122		7		0		100.0
59		7		0		100.0
123		7		0		99.60926480937897
60		7		0		100.0
124		7		0		100.0
61		7		0		100.0
125		7		0		100.0
62		7		0		100.0
126		7		0		98.88076685470486
63		7		0		100.0
127		7		0		72.30747912615479
0		8		0		74.58686183887897
128		8		0		99.60926480937897
1		8		0		100.0
129		8		0		100.0
2		8		0		100.0
130		8		0		100.0
3		8		0		100.0
131		8		0		99.29869723285587
4		8		0		100.0
132		8		0		100.0
5		8		0		100.0
133		8		0		100.0
6		8		0		100.0
134		8		0		100.0
7		8		0		100.0
135		8		0		100.0
8		8		0		100.0
136		8		0		100.0
9		8		0		100.0
137		8		0		100.0
10		8		0		100.0
138		8		0		100.0
11		8		0		100.0
139		8		0		98.66704984382356
12		8		0		100.0
140		8		0		100.0
13		8		0		100.0
141		8		0		100.0
14		8		0		100.0
142		8		0		100.0
15		8		0		100.0
143		8		0		100.0
16		8		0		99.22864190940048
144		8		0		100.0
17		8		0		100.0
145		8		0		99.14308054996924
18		8		0		100.0
146		8		0		100.0
19		8		0		100.0
147		8		0		98.0977852788403
20		8		0		100.0
148		8		0		100.0
21		8		0		100.0
149		8		0		100.0
22		8		0		100.0
150		8		0		100.0
23		8		0		100.0
151		8		0		100.0
24		8		0		100.0
152		8		0		98.86914336943981
25		8		0		100.0
153		8		0		99.46091601281125
26		8		0		98.66704984382356
154		8		0		100.0
27		8		0		100.0
155		8		0		100.0
28		8		0		100.0
156		8		0		100.0
29		8		0		100.0
157		8		0		100.0
30		8		0		100.0
158		8		0		100.0
31		8		0		100.0
159		8		0		99.50965588316505
32		8		0		100.0
160		8		0		100.0
33		8		0		99.52097358101645
161		8		0		100.0
34		8		0		100.0
162		8		0		100.0
35		8		0		100.0
163		8		0		100.0
36		8		0		100.0
164		8		0		99.14308054996924
37		8		0		100.0
165		8		0		98.40707582589123
38		8		0		100.0
166		8		0		100.0
39		8		0		100.0
167		8		0		100.0
40		8		0		98.88513439906001
168		8		0		100.0
41		8		0		99.56620501447425
169		8		0		100.0
42		8		0		99.04332725830095
170		8		0		100.0
43		8		0		100.0
171		8		0		100.0
44		8		0		100.0
172		8		0		100.0
45		8		0		100.0
173		8		0		100.0
46		8		0		100.0
174		8		0		100.0
47		8		0		100.0
175		8		0		100.0
48		8		0		100.0
176		8		0		100.0
49		8		0		100.0
177		8		0		100.0
50		8		0		97.97138179638083
178		8		0		99.29869723285587
51		8		0		98.57118537671536
179		8		0		98.33993148484798
52		8		0		98.33993148484798
180		8		0		100.0
53		8		0		100.0
181		8		0		99.04332725830095
54		8		0		100.0
182		8		0		100.0
55		8		0		100.0
183		8		0		100.0
56		8		0		100.0
184		8		0		100.0
57		8		0		100.0
185		8		0		100.0
58		8		0		100.0
186		8		0		99.56620501447425
59		8		0		100.0
187		8		0		100.0
60		8		0		100.0
188		8		0		100.0
61		8		0		100.0
189		8		0		100.0
62		8		0		100.0
190		8		0		100.0
63		8		0		100.0
191		8		0		100.0
64		8		0		100.0
192		8		0		100.0
65		8		0		100.0
193		8		0		100.0
66		8		0		100.0
194		8		0		100.0
67		8		0		100.0
195		8		0		98.88513439906001
68		8		0		100.0
196		8		0		100.0
69		8		0		100.0
197		8		0		100.0
70		8		0		100.0
198		8		0		100.0
71		8		0		100.0
199		8		0		100.0
72		8		0		100.0
200		8		0		98.78589609840071
73		8		0		100.0
201		8		0		100.0
74		8		0		100.0
202		8		0		98.48063307816963
75		8		0		99.32766683226339
203		8		0		100.0
76		8		0		100.0
204		8		0		98.40707582589123
77		8		0		100.0
205		8		0		100.0
78		8		0		100.0
206		8		0		100.0
79		8		0		100.0
207		8		0		100.0
80		8		0		100.0
208		8		0		99.46091601281125
81		8		0		100.0
209		8		0		100.0
82		8		0		100.0
210		8		0		100.0
83		8		0		100.0
211		8		0		100.0
84		8		0		100.0
212		8		0		100.0
85		8		0		100.0
213		8		0		97.97138179638083
86		8		0		100.0
214		8		0		100.0
87		8		0		100.0
215		8		0		100.0
88		8		0		100.0
216		8		0		100.0
89		8		0		100.0
217		8		0		100.0
90		8		0		99.52097358101645
218		8		0		100.0
91		8		0		100.0
219		8		0		100.0
92		8		0		100.0
220		8		0		100.0
93		8		0		100.0
221		8		0		100.0
94		8		0		100.0
222		8		0		99.32766683226339
95		8		0		100.0
223		8		0		100.0
96		8		0		100.0
224		8		0		100.0
97		8		0		100.0
225		8		0		100.0
98		8		0		100.0
226		8		0		99.50965588316505
99		8		0		97.91123529845345
227		8		0		100.0
100		8		0		98.83985043257096
228		8		0		100.0
101		8		0		100.0
229		8		0		98.78589609840071
102		8		0		100.0
230		8		0		100.0
103		8		0		100.0
231		8		0		100.0
104		8		0		97.91123529845345
232		8		0		100.0
105		8		0		100.0
233		8		0		100.0
106		8		0		100.0
234		8		0		100.0
107		8		0		100.0
235		8		0		100.0
108		8		0		100.0
236		8		0		100.0
109		8		0		100.0
237		8		0		100.0
110		8		0		100.0
238		8		0		100.0
111		8		0		100.0
239		8		0		100.0
112		8		0		100.0
240		8		0		100.0
113		8		0		100.0
241		8		0		100.0
114		8		0		100.0
242		8		0		100.0
115		8		0		98.48063307816963
243		8		0		100.0
116		8		0		100.0
244		8		0		99.09542521902674
117		8		0		99.09542521902674
245		8		0		100.0
118		8		0		100.0
246		8		0		98.57118537671536
119		8		0		100.0
247		8		0		100.0
120		8		0		100.0
248		8		0		100.0
121		8		0		100.0
249		8		0		100.0
122		8		0		100.0
250		8		0		100.0
123		8		0		100.0
251		8		0		99.60926480937897
124		8		0		100.0
252		8		0		100.0
125		8		0		100.0
253		8		0		100.0
126		8		0		98.88076685470486
254		8		0		100.0
127		8		0		97.72061728727581
255		8		0		74.58686183887897
0		9		0		74.58686183887897
256		9		0		100.0
1		9		0		100.0
257		9		0		100.0
2		9		0		100.0
258		9		0		100.0
3		9		0		100.0
259		9		0		100.0
4		9		0		100.0
260		9		0		100.0
5		9		0		100.0
261		9		0		100.0
6		9		0		100.0
262		9		0		100.0
7		9		0		100.0
263		9		0		100.0
8		9		0		100.0
264		9		0		100.0
9		9		0		100.0
265		9		0		100.0
10		9		0		100.0
266		9		0		100.0
11		9		0		100.0
267		9		0		100.0
12		9		0		100.0
268		9		0		100.0
13		9		0		100.0
269		9		0		100.0
14		9		0		100.0
270		9		0		100.0
15		9		0		100.0
271		9		0		100.0
16		9		0		99.22864190940048
272		9		0		100.0
17		9		0		100.0
273		9		0		100.0
18		9		0		100.0
274		9		0		100.0
19		9		0		100.0
275		9		0		100.0
20		9		0		100.0
276		9		0		100.0
21		9		0		100.0
277		9		0		100.0
22		9		0		100.0
278		9		0		100.0
23		9		0		100.0
279		9		0		100.0
24		9		0		100.0
280		9		0		100.0
25		9		0		100.0
281		9		0		100.0
26		9		0		100.0
282		9		0		98.66704984382356
27		9		0		100.0
283		9		0		100.0
28		9		0		100.0
284		9		0		100.0
29		9		0		100.0
285		9		0		100.0
30		9		0		100.0
286		9		0		100.0
31		9		0		100.0
287		9		0		100.0
32		9		0		100.0
288		9		0		100.0
33		9		0		99.52097358101645
289		9		0		100.0
34		9		0		100.0
290		9		0		100.0
35		9		0		100.0
291		9		0		100.0
36		9		0		100.0
292		9		0		100.0
37		9		0		100.0
293		9		0		100.0
38		9		0		100.0
294		9		0		100.0
39		9		0		100.0
295		9		0		100.0
40		9		0		100.0
296		9		0		98.88513439906001
41		9		0		100.0
297		9		0		99.56620501447425
42		9		0		99.04332725830095
298		9		0		100.0
43		9		0		100.0
299		9		0		100.0
44		9		0		100.0
300		9		0		100.0
45		9		0		100.0
301		9		0		100.0
46		9		0		100.0
302		9		0		100.0
47		9		0		100.0
303		9		0		100.0
48		9		0		100.0
304		9		0		100.0
49		9		0		100.0
305		9		0		100.0
50		9		0		97.97138179638083
306		9		0		100.0
51		9		0		100.0
307		9		0		98.57118537671536
52		9		0		100.0
308		9		0		98.33993148484798
53		9		0		100.0
309		9		0		100.0
54		9		0		100.0
310		9		0		100.0
55		9		0		100.0
311		9		0		100.0
56		9		0		100.0
312		9		0		100.0
57		9		0		100.0
313		9		0		100.0
58		9		0		100.0
314		9		0		100.0
59		9		0		100.0
315		9		0		100.0
60		9		0		100.0
316		9		0		100.0
61		9		0		100.0
317		9		0		100.0
62		9		0		100.0
318		9		0		100.0
63		9		0		100.0
319		9		0		100.0
64		9		0		100.0
320		9		0		100.0
65		9		0		100.0
321		9		0		100.0
66		9		0		100.0
322		9		0		100.0
67		9		0		100.0
323		9		0		100.0
68		9		0		100.0
324		9		0		100.0
69		9		0		100.0
325		9		0		100.0
70		9		0		100.0
326		9		0		100.0
71		9		0		100.0
327		9		0		100.0
72		9		0		100.0
328		9		0		100.0
73		9		0		100.0
329		9		0		100.0
74		9		0		100.0
330		9		0		100.0
75		9		0		100.0
331		9		0		99.32766683226339
76		9		0		100.0
332		9		0		100.0
77		9		0		100.0
333		9		0		100.0
78		9		0		100.0
334		9		0		100.0
79		9		0		100.0
335		9		0		100.0
80		9		0		100.0
336		9		0		100.0
81		9		0		100.0
337		9		0		100.0
82		9		0		100.0
338		9		0		100.0
83		9		0		100.0
339		9		0		100.0
84		9		0		100.0
340		9		0		100.0
85		9		0		100.0
341		9		0		100.0
86		9		0		100.0
342		9		0		100.0
87		9		0		100.0
343		9		0		100.0
88		9		0		100.0
344		9		0		100.0
89		9		0		100.0
345		9		0		100.0
90		9		0		99.52097358101645
346		9		0		100.0
91		9		0		100.0
347		9		0		100.0
92		9		0		100.0
348		9		0		100.0
93		9		0		100.0
349		9		0		100.0
94		9		0		100.0
350		9		0		100.0
95		9		0		100.0
351		9		0		100.0
96		9		0		100.0
352		9		0		100.0
97		9		0		100.0
353		9		0		100.0
98		9		0		100.0
354		9		0		100.0
99		9		0		100.0
355		9		0		97.91123529845345
100		9		0		100.0
356		9		0		98.83985043257096
101		9		0		100.0
357		9		0		100.0
102		9		0		100.0
358		9		0		100.0
103		9		0		100.0
359		9		0		100.0
104		9		0		100.0
360		9		0		97.91123529845345
105		9		0		100.0
361		9		0		100.0
106		9		0		100.0
362		9		0		100.0
107		9		0		100.0
363		9		0		100.0
108		9		0		100.0
364		9		0		100.0
109		9		0		100.0
365		9		0		100.0
110		9		0		100.0
366		9		0		100.0
111		9		0		100.0
367		9		0		100.0
112		9		0		100.0
368		9		0		100.0
113		9		0		100.0
369		9		0		100.0
114		9		0		100.0
370		9		0		100.0
115		9		0		98.48063307816963
371		9		0		100.0
116		9		0		100.0
372		9		0		100.0
117		9		0		99.09542521902674
373		9		0		100.0
118		9		0		100.0
374		9		0		100.0
119		9		0		100.0
375		9		0		100.0
120		9		0		100.0
376		9		0		100.0
121		9		0		100.0
377		9		0		100.0
122		9		0		100.0
378		9		0		100.0
123		9		0		100.0
379		9		0		100.0
124		9		0		100.0
380		9		0		100.0
125		9		0		100.0
381		9		0		100.0
126		9		0		100.0
382		9		0		98.88076685470486
127		9		0		98.83985043257096
383		9		0		98.88076685470486
128		9		0		99.60926480937897
384		9		0		100.0
129		9		0		100.0
385		9		0		100.0
130		9		0		100.0
386		9		0		100.0
131		9		0		100.0
387		9		0		99.29869723285587
132		9		0		100.0
388		9		0		100.0
133		9		0		100.0
389		9		0		100.0
134		9		0		100.0
390		9		0		100.0
135		9		0		100.0
391		9		0		100.0
136		9		0		100.0
392		9		0		100.0
137		9		0		100.0
393		9		0		100.0
138		9		0		100.0
394		9		0		100.0
139		9		0		100.0
395		9		0		98.66704984382356
140		9		0		100.0
396		9		0		100.0
141		9		0		100.0
397		9		0		100.0
142		9		0		100.0
398		9		0		100.0
143		9		0		100.0
399		9		0		100.0
144		9		0		100.0
400		9		0		100.0
145		9		0		100.0
401		9		0		99.14308054996924
146		9		0		100.0
402		9		0		100.0
147		9		0		100.0
403		9		0		98.0977852788403
148		9		0		100.0
404		9		0		100.0
149		9		0		100.0
405		9		0		100.0
150		9		0		100.0
406		9		0		100.0
151		9		0		100.0
407		9		0		100.0
152		9		0		100.0
408		9		0		98.86914336943981
153		9		0		99.46091601281125
409		9		0		100.0
154		9		0		100.0
410		9		0		100.0
155		9		0		100.0
411		9		0		100.0
156		9		0		100.0
412		9		0		100.0
157		9		0		100.0
413		9		0		100.0
158		9		0		100.0
414		9		0		100.0
159		9		0		99.50965588316505
415		9		0		100.0
160		9		0		100.0
416		9		0		100.0
161		9		0		100.0
417		9		0		100.0
162		9		0		100.0
418		9		0		100.0
163		9		0		100.0
419		9		0		100.0
164		9		0		99.14308054996924
420		9		0		100.0
165		9		0		100.0
421		9		0		98.40707582589123
166		9		0		100.0
422		9		0		100.0
167		9		0		100.0
423		9		0		100.0
168		9		0		100.0
424		9		0		100.0
169		9		0		100.0
425		9		0		100.0
170		9		0		100.0
426		9		0		100.0
171		9		0		100.0
427		9		0		100.0
172		9		0		100.0
428		9		0		100.0
173		9		0		100.0
429		9		0		100.0
174		9		0		100.0
430		9		0		100.0
175		9		0		100.0
431		9		0		100.0
176		9		0		100.0
432		9		0		100.0
177		9		0		100.0
433		9		0		100.0
178		9		0		100.0
434		9		0		99.29869723285587
179		9		0		100.0
435		9		0		98.33993148484798
180		9		0		100.0
436		9		0		100.0
181		9		0		99.04332725830095
437		9		0		100.0
182		9		0		100.0
438		9		0		100.0
183		9		0		100.0
439		9		0		100.0
184		9		0		100.0
440		9		0		100.0
185		9		0		100.0
441		9		0		100.0
186		9		0		99.56620501447425
442		9		0		100.0
187		9		0		100.0
443		9		0		100.0
188		9		0		100.0
444		9		0		100.0
189		9		0		100.0
445		9		0		100.0
190		9		0		100.0
446		9		0		100.0
191		9		0		100.0
447		9		0		100.0
192		9		0		100.0
448		9		0		100.0
193		9		0		100.0
449		9		0		100.0
194		9		0		100.0
450		9		0		100.0
195		9		0		100.0
451		9		0		98.88513439906001
196		9		0		100.0
452		9		0		100.0
197		9		0		100.0
453		9		0		100.0
198		9		0		100.0
454		9		0		100.0
199		9		0		100.0
455		9		0		100.0
200		9		0		98.78589609840071
456		9		0		100.0
201		9		0		100.0
457		9		0		100.0
202		9		0		100.0
458		9		0		98.48063307816963
203		9		0		100.0
459		9		0		100.0
204		9		0		100.0
460		9		0		98.40707582589123
205		9		0		100.0
461		9		0		100.0
206		9		0		100.0
462		9		0		100.0
207		9		0		100.0
463		9		0		100.0
208		9		0		99.46091601281125
464		9		0		100.0
209		9		0		100.0
465		9		0		100.0
210		9		0		100.0
466		9		0		100.0
211		9		0		100.0
467		9		0		100.0
212		9		0		100.0
468		9		0		100.0
213		9		0		97.97138179638083
469		9		0		100.0
214		9		0		100.0
470		9		0		100.0
215		9		0		100.0
471		9		0		100.0
216		9		0		100.0
472		9		0		100.0
217		9		0		100.0
473		9		0		100.0
218		9		0		100.0
474		9		0		100.0
219		9		0		100.0
475		9		0		100.0
220		9		0		100.0
476		9		0		100.0
221		9		0		100.0
477		9		0		100.0
222		9		0		99.32766683226339
478		9		0		100.0
223		9		0		100.0
479		9		0		100.0
224		9		0		100.0
480		9		0		100.0
225		9		0		100.0
481		9		0		100.0
226		9		0		99.50965588316505
482		9		0		100.0
227		9		0		100.0
483		9		0		100.0
228		9		0		100.0
484		9		0		100.0
229		9		0		100.0
485		9		0		98.78589609840071
230		9		0		100.0
486		9		0		100.0
231		9		0		100.0
487		9		0		100.0
232		9		0		100.0
488		9		0		100.0
233		9		0		100.0
489		9		0		100.0
234		9		0		100.0
490		9		0		100.0
235		9		0		100.0
491		9		0		100.0
236		9		0		100.0
492		9		0		100.0
237		9		0		100.0
493		9		0		100.0
238		9		0		100.0
494		9		0		100.0
239		9		0		100.0
495		9		0		100.0
240		9		0		100.0
496		9		0		100.0
241		9		0		100.0
497		9		0		100.0
242		9		0		100.0
498		9		0		100.0
243		9		0		100.0
499		9		0		100.0
244		9		0		99.09542521902674
500		9		0		100.0
245		9		0		100.0
501		9		0		100.0
246		9		0		98.57118537671536
502		9		0		100.0
247		9		0		100.0
503		9		0		100.0
248		9		0		100.0
504		9		0		100.0
249		9		0		100.0
505		9		0		100.0
250		9		0		100.0
506		9		0		100.0
251		9		0		100.0
507		9		0		99.60926480937897
252		9		0		100.0
508		9		0		100.0
253		9		0		100.0
509		9		0		100.0
254		9		0		100.0
510		9		0		100.0
255		9		0		100.0
511		9		0		74.58686183887897
0		10		0		74.58686183887897
512		10		0		100.0
1		10		0		100.0
513		10		0		100.0
2		10		0		100.0
514		10		0		100.0
3		10		0		100.0
515		10		0		100.0
4		10		0		100.0
516		10		0		100.0
5		10		0		100.0
517		10		0		100.0
6		10		0		100.0
518		10		0		100.0
7		10		0		100.0
519		10		0		100.0
8		10		0		100.0
520		10		0		100.0
9		10		0		100.0
521		10		0		100.0
10		10		0		100.0
522		10		0		100.0
11		10		0		100.0
523		10		0		100.0
12		10		0		100.0
524		10		0		100.0
13		10		0		100.0
525		10		0		100.0
14		10		0		100.0
526		10		0		100.0
15		10		0		100.0
527		10		0		100.0
16		10		0		100.0
528		10		0		99.22864190940048
17		10		0		100.0
529		10		0		100.0
18		10		0		100.0
530		10		0		100.0
19		10		0		100.0
531		10		0		100.0
20		10		0		100.0
532		10		0		100.0
21		10		0		100.0
533		10		0		100.0
22		10		0		100.0
534		10		0		100.0
23		10		0		100.0
535		10		0		100.0
24		10		0		100.0
536		10		0		100.0
25		10		0		100.0
537		10		0		100.0
26		10		0		100.0
538		10		0		100.0
27		10		0		100.0
539		10		0		100.0
28		10		0		100.0
540		10		0		100.0
29		10		0		100.0
541		10		0		100.0
30		10		0		100.0
542		10		0		100.0
31		10		0		100.0
543		10		0		100.0
32		10		0		100.0
544		10		0		100.0
33		10		0		99.52097358101645
545		10		0		100.0
34		10		0		100.0
546		10		0		100.0
35		10		0		100.0
547		10		0		100.0
36		10		0		100.0
548		10		0		100.0
37		10		0		100.0
549		10		0		100.0
38		10		0		100.0
550		10		0		100.0
39		10		0		100.0
551		10		0		100.0
40		10		0		100.0
552		10		0		100.0
41		10		0		100.0
553		10		0		100.0
42		10		0		99.04332725830095
554		10		0		100.0
43		10		0		100.0
555		10		0		100.0
44		10		0		100.0
556		10		0		100.0
45		10		0		100.0
557		10		0		100.0
46		10		0		100.0
558		10		0		100.0
47		10		0		100.0
559		10		0		100.0
48		10		0		100.0
560		10		0		100.0
49		10		0		100.0
561		10		0		100.0
50		10		0		97.97138179638083
562		10		0		100.0
51		10		0		100.0
563		10		0		100.0
52		10		0		100.0
564		10		0		100.0
53		10		0		100.0
565		10		0		100.0
54		10		0		100.0
566		10		0		100.0
55		10		0		100.0
567		10		0		100.0
56		10		0		100.0
568		10		0		100.0
57		10		0		100.0
569		10		0		100.0
58		10		0		100.0
570		10		0		100.0
59		10		0		100.0
571		10		0		100.0
60		10		0		100.0
572		10		0		100.0
61		10		0		100.0
573		10		0		100.0
62		10		0		100.0
574		10		0		100.0
63		10		0		100.0
575		10		0		100.0
64		10		0		100.0
576		10		0		100.0
65		10		0		100.0
577		10		0		100.0
66		10		0		100.0
578		10		0		100.0
67		10		0		100.0
579		10		0		100.0
68		10		0		100.0
580		10		0		100.0
69		10		0		100.0
581		10		0		100.0
70		10		0		100.0
582		10		0		100.0
71		10		0		100.0
583		10		0		100.0
72		10		0		100.0
584		10		0		100.0
73		10		0		100.0
585		10		0		100.0
74		10		0		100.0
586		10		0		100.0
75		10		0		100.0
587		10		0		100.0
76		10		0		100.0
588		10		0		100.0
77		10		0		100.0
589		10		0		100.0
78		10		0		100.0
590		10		0		100.0
79		10		0		100.0
591		10		0		100.0
80		10		0		100.0
592		10		0		100.0
81		10		0		100.0
593		10		0		100.0
82		10		0		100.0
594		10		0		100.0
83		10		0		100.0
595		10		0		100.0
84		10		0		100.0
596		10		0		100.0
85		10		0		100.0
597		10		0		100.0
86		10		0		100.0
598		10		0		100.0
87		10		0		100.0
599		10		0		100.0
88		10		0		100.0
600		10		0		100.0
89		10		0		100.0
601		10		0		100.0
90		10		0		99.52097358101645
602		10		0		100.0
91		10		0		100.0
603		10		0		100.0
92		10		0		100.0
604		10		0		100.0
93		10		0		100.0
605		10		0		100.0
94		10		0		100.0
606		10		0		100.0
95		10		0		100.0
607		10		0		100.0
96		10		0		100.0
608		10		0		100.0
97		10		0		100.0
609		10		0		100.0
98		10		0		100.0
610		10		0		100.0
99		10		0		100.0
611		10		0		100.0
100		10		0		100.0
612		10		0		100.0
101		10		0		100.0
613		10		0		100.0
102		10		0		100.0
614		10		0		100.0
103		10		0		100.0
615		10		0		100.0
104		10		0		100.0
616		10		0		100.0
105		10		0		100.0
617		10		0		100.0
106		10		0		100.0
618		10		0		100.0
107		10		0		100.0
619		10		0		100.0
108		10		0		100.0
620		10		0		100.0
109		10		0		100.0
621		10		0		100.0
110		10		0		100.0
622		10		0		100.0
111		10		0		100.0
623		10		0		100.0
112		10		0		100.0
624		10		0		100.0
113		10		0		100.0
625		10		0		100.0
114		10		0		100.0
626		10		0		100.0
115		10		0		98.48063307816963
627		10		0		100.0
116		10		0		100.0
628		10		0		100.0
117		10		0		100.0
629		10		0		99.09542521902674
118		10		0		100.0
630		10		0		100.0
119		10		0		100.0
631		10		0		100.0
120		10		0		100.0
632		10		0		100.0
121		10		0		100.0
633		10		0		100.0
122		10		0		100.0
634		10		0		100.0
123		10		0		100.0
635		10		0		100.0
124		10		0		100.0
636		10		0		100.0
125		10		0		100.0
637		10		0		100.0
126		10		0		100.0
638		10		0		100.0
127		10		0		98.83985043257096
639		10		0		100.0
128		10		0		100.0
640		10		0		99.60926480937897
129		10		0		100.0
641		10		0		100.0
130		10		0		100.0
642		10		0		100.0
131		10		0		100.0
643		10		0		100.0
132		10		0		100.0
644		10		0		100.0
133		10		0		100.0
645		10		0		100.0
134		10		0		100.0
646		10		0		100.0
135		10		0		100.0
647		10		0		100.0
136		10		0		100.0
648		10		0		100.0
137		10		0		100.0
649		10		0		100.0
138		10		0		100.0
650		10		0		100.0
139		10		0		100.0
651		10		0		100.0
140		10		0		100.0
652		10		0		100.0
141		10		0		100.0
653		10		0		100.0
142		10		0		100.0
654		10		0		100.0
143		10		0		100.0
655		10		0		100.0
144		10		0		100.0
656		10		0		100.0
145		10		0		100.0
657		10		0		100.0
146		10		0		100.0
658		10		0		100.0
147		10		0		100.0
659		10		0		100.0
148		10		0		100.0
660		10		0		100.0
149		10		0		100.0
661		10		0		100.0
150		10		0		100.0
662		10		0		100.0
151		10		0		100.0
663		10		0		100.0
152		10		0		100.0
664		10		0		100.0
153		10		0		100.0
665		10		0		99.46091601281125
154		10		0		100.0
666		10		0		100.0
155		10		0		100.0
667		10		0		100.0
156		10		0		100.0
668		10		0		100.0
157		10		0		100.0
669		10		0		100.0
158		10		0		100.0
670		10		0		100.0
159		10		0		100.0
671		10		0		99.50965588316505
160		10		0		100.0
672		10		0		100.0
161		10		0		100.0
673		10		0		100.0
162		10		0		100.0
674		10		0		100.0
163		10		0		100.0
675		10		0		100.0
164		10		0		99.14308054996924
676		10		0		100.0
165		10		0		100.0
677		10		0		100.0
166		10		0		100.0
678		10		0		100.0
167		10		0		100.0
679		10		0		100.0
168		10		0		100.0
680		10		0		100.0
169		10		0		100.0
681		10		0		100.0
170		10		0		100.0
682		10		0		100.0
171		10		0		100.0
683		10		0		100.0
172		10		0		100.0
684		10		0		100.0
173		10		0		100.0
685		10		0		100.0
174		10		0		100.0
686		10		0		100.0
175		10		0		100.0
687		10		0		100.0
176		10		0		100.0
688		10		0		100.0
177		10		0		100.0
689		10		0		100.0
178		10		0		100.0
690		10		0		100.0
179		10		0		100.0
691		10		0		100.0
180		10		0		100.0
692		10		0		100.0
181		10		0		100.0
693		10		0		99.04332725830095
182		10		0		100.0
694		10		0		100.0
183		10		0		100.0
695		10		0		100.0
184		10		0		100.0
696		10		0		100.0
185		10		0		100.0
697		10		0		100.0
186		10		0		100.0
698		10		0		99.56620501447425
187		10		0		100.0
699		10		0		100.0
188		10		0		100.0
700		10		0		100.0
189		10		0		100.0
701		10		0		100.0
190		10		0		100.0
702		10		0		100.0
191		10		0		100.0
703		10		0		100.0
192		10		0		100.0
704		10		0		100.0
193		10		0		100.0
705		10		0		100.0
194		10		0		100.0
706		10		0		100.0
195		10		0		100.0
707		10		0		100.0
196		10		0		100.0
708		10		0		100.0
197		10		0		100.0
709		10		0		100.0
198		10		0		100.0
710		10		0		100.0
199		10		0		100.0
711		10		0		100.0
200		10		0		98.78589609840071
712		10		0		100.0
201		10		0		100.0
713		10		0		100.0
202		10		0		100.0
714		10		0		100.0
203		10		0		100.0
715		10		0		100.0
204		10		0		100.0
716		10		0		100.0
205		10		0		100.0
717		10		0		100.0
206		10		0		100.0
718		10		0		100.0
207		10		0		100.0
719		10		0		100.0
208		10		0		100.0
720		10		0		99.46091601281125
209		10		0		100.0
721		10		0		100.0
210		10		0		100.0
722		10		0		100.0
211		10		0		100.0
723		10		0		100.0
212		10		0		100.0
724		10		0		100.0
213		10		0		100.0
725		10		0		97.97138179638083
214		10		0		100.0
726		10		0		100.0
215		10		0		100.0
727		10		0		100.0
216		10		0		100.0
728		10		0		100.0
217		10		0		100.0
729		10		0		100.0
218		10		0		100.0
730		10		0		100.0
219		10		0		100.0
731		10		0		100.0
220		10		0		100.0
732		10		0		100.0
221		10		0		100.0
733		10		0		100.0
222		10		0		99.32766683226339
734		10		0		100.0
223		10		0		100.0
735		10		0		100.0
224		10		0		100.0
736		10		0		100.0
225		10		0		100.0
737		10		0		100.0
226		10		0		100.0
738		10		0		99.50965588316505
227		10		0		100.0
739		10		0		100.0
228		10		0		100.0
740		10		0		100.0
229		10		0		100.0
741		10		0		100.0
230		10		0		100.0
742		10		0		100.0
231		10		0		100.0
743		10		0		100.0
232		10		0		100.0
744		10		0		100.0
233		10		0		100.0
745		10		0		100.0
234		10		0		100.0
746		10		0		100.0
235		10		0		100.0
747		10		0		100.0
236		10		0		100.0
748		10		0		100.0
237		10		0		100.0
749		10		0		100.0
238		10		0		100.0
750		10		0		100.0
239		10		0		100.0
751		10		0		100.0
240		10		0		100.0
752		10		0		100.0
241		10		0		100.0
753		10		0		100.0
242		10		0		100.0
754		10		0		100.0
243		10		0		100.0
755		10		0		100.0
244		10		0		99.09542521902674
756		10		0		100.0
245		10		0		100.0
757		10		0		100.0
246		10		0		100.0
758		10		0		98.57118537671536
247		10		0		100.0
759		10		0		100.0
248		10		0		100.0
760		10		0		100.0
249		10		0		100.0
761		10		0		100.0
250		10		0		100.0
762		10		0		100.0
251		10		0		100.0
763		10		0		100.0
252		10		0		100.0
764		10		0		100.0
253		10		0		100.0
765		10		0		100.0
254		10		0		100.0
766		10		0		100.0
255		10		0		100.0
767		10		0		100.0
256		10		0		100.0
768		10		0		100.0
257		10		0		100.0
769		10		0		100.0
258		10		0		100.0
770		10		0		100.0
259		10		0		100.0
771		10		0		100.0
260		10		0		100.0
772		10		0		100.0
261		10		0		100.0
773		10		0		100.0
262		10		0		100.0
774		10		0		100.0
263		10		0		100.0
775		10		0		100.0
264		10		0		100.0
776		10		0		100.0
265		10		0		100.0
777		10		0		100.0
266		10		0		100.0
778		10		0		100.0
267		10		0		100.0
779		10		0		100.0
268		10		0		100.0
780		10		0		100.0
269		10		0		100.0
781		10		0		100.0
270		10		0		100.0
782		10		0		100.0
271		10		0		100.0
783		10		0		100.0
272		10		0		100.0
784		10		0		100.0
273		10		0		100.0
785		10		0		100.0
274		10		0		100.0
786		10		0		100.0
275		10		0		100.0
787		10		0		100.0
276		10		0		100.0
788		10		0		100.0
277		10		0		100.0
789		10		0		100.0
278		10		0		100.0
790		10		0		100.0
279		10		0		100.0
791		10		0		100.0
280		10		0		100.0
792		10		0		100.0
281		10		0		100.0
793		10		0		100.0
282		10		0		98.66704984382356
794		10		0		100.0
283		10		0		100.0
795		10		0		100.0
284		10		0		100.0
796		10		0		100.0
285		10		0		100.0
797		10		0		100.0
286		10		0		100.0
798		10		0		100.0
287		10		0		100.0
799		10		0		100.0
288		10		0		100.0
800		10		0		100.0
289		10		0		100.0
801		10		0		100.0
290		10		0		100.0
802		10		0		100.0
291		10		0		100.0
803		10		0		100.0
292		10		0		100.0
804		10		0		100.0
293		10		0		100.0
805		10		0		100.0
294		10		0		100.0
806		10		0		100.0
295		10		0		100.0
807		10		0		100.0
296		10		0		100.0
808		10		0		98.88513439906001
297		10		0		99.56620501447425
809		10		0		100.0
298		10		0		100.0
810		10		0		100.0
299		10		0		100.0
811		10		0		100.0
300		10		0		100.0
812		10		0		100.0
301		10		0		100.0
813		10		0		100.0
302		10		0		100.0
814		10		0		100.0
303		10		0		100.0
815		10		0		100.0
304		10		0		100.0
816		10		0		100.0
305		10		0		100.0
817		10		0		100.0
306		10		0		100.0
818		10		0		100.0
307		10		0		100.0
819		10		0		98.57118537671536
308		10		0		98.33993148484798
820		10		0		100.0
309		10		0		100.0
821		10		0		100.0
310		10		0		100.0
822		10		0		100.0
311		10		0		100.0
823		10		0		100.0
312		10		0		100.0
824		10		0		100.0
313		10		0		100.0
825		10		0		100.0
314		10		0		100.0
826		10		0		100.0
315		10		0		100.0
827		10		0		100.0
316		10		0		100.0
828		10		0		100.0
317		10		0		100.0
829		10		0		100.0
318		10		0		100.0
830		10		0		100.0
319		10		0		100.0
831		10		0		100.0
320		10		0		100.0
832		10		0		100.0
321		10		0		100.0
833		10		0		100.0
322		10		0		100.0
834		10		0		100.0
323		10		0		100.0
835		10		0		100.0
324		10		0		100.0
836		10		0		100.0
325		10		0		100.0
837		10		0		100.0
326		10		0		100.0
838		10		0		100.0
327		10		0		100.0
839		10		0		100.0
328		10		0		100.0
840		10		0		100.0
329		10		0		100.0
841		10		0		100.0
330		10		0		100.0
842		10		0		100.0
331		10		0		100.0
843		10		0		99.32766683226339
332		10		0		100.0
844		10		0		100.0
333		10		0		100.0
845		10		0		100.0
334		10		0		100.0
846		10		0		100.0
335		10		0		100.0
847		10		0		100.0
336		10		0		100.0
848		10		0		100.0
337		10		0		100.0
849		10		0		100.0
338		10		0		100.0
850		10		0		100.0
339		10		0		100.0
851		10		0		100.0
340		10		0		100.0
852		10		0		100.0
341		10		0		100.0
853		10		0		100.0
342		10		0		100.0
854		10		0		100.0
343		10		0		100.0
855		10		0		100.0
344		10		0		100.0
856		10		0		100.0
345		10		0		100.0
857		10		0		100.0
346		10		0		100.0
858		10		0		100.0
347		10		0		100.0
859		10		0		100.0
348		10		0		100.0
860		10		0		100.0
349		10		0		100.0
861		10		0		100.0
350		10		0		100.0
862		10		0		100.0
351		10		0		100.0
863		10		0		100.0
352		10		0		100.0
864		10		0		100.0
353		10		0		100.0
865		10		0		100.0
354		10		0		100.0
866		10		0		100.0
355		10		0		100.0
867		10		0		97.91123529845345
356		10		0		100.0
868		10		0		98.83985043257096
357		10		0		100.0
869		10		0		100.0
358		10		0		100.0
870		10		0		100.0
359		10		0		100.0
871		10		0		100.0
360		10		0		100.0
872		10		0		97.91123529845345
361		10		0		100.0
873		10		0		100.0
362		10		0		100.0
874		10		0		100.0
363		10		0		100.0
875		10		0		100.0
364		10		0		100.0
876		10		0		100.0
365		10		0		100.0
877		10		0		100.0
366		10		0		100.0
878		10		0		100.0
367		10		0		100.0
879		10		0		100.0
368		10		0		100.0
880		10		0		100.0
369		10		0		100.0
881		10		0		100.0
370		10		0		100.0
882		10		0		100.0
371		10		0		100.0
883		10		0		100.0
372		10		0		100.0
884		10		0		100.0
373		10		0		100.0
885		10		0		100.0
374		10		0		100.0
886		10		0		100.0
375		10		0		100.0
887		10		0		100.0
376		10		0		100.0
888		10		0		100.0
377		10		0		100.0
889		10		0		100.0
378		10		0		100.0
890		10		0		100.0
379		10		0		100.0
891		10		0		100.0
380		10		0		100.0
892		10		0		100.0
381		10		0		100.0
893		10		0		100.0
382		10		0		100.0
894		10		0		98.88076685470486
383		10		0		100.0
895		10		0		98.88076685470486
384		10		0		100.0
896		10		0		100.0
385		10		0		100.0
897		10		0		100.0
386		10		0		100.0
898		10		0		100.0
387		10		0		99.29869723285587
899		10		0		100.0
388		10		0		100.0
900		10		0		100.0
389		10		0		100.0
901		10		0		100.0
390		10		0		100.0
902		10		0		100.0
391		10		0		100.0
903		10		0		100.0
392		10		0		100.0
904		10		0		100.0
393		10		0		100.0
905		10		0		100.0
394		10		0		100.0
906		10		0		100.0
395		10		0		100.0
907		10		0		98.66704984382356
396		10		0		100.0
908		10		0		100.0
397		10		0		100.0
909		10		0		100.0
398		10		0		100.0
910		10		0		100.0
399		10		0		100.0
911		10		0		100.0
400		10		0		100.0
912		10		0		100.0
401		10		0		100.0
913		10		0		99.14308054996924
402		10		0		100.0
914		10		0		100.0
403		10		0		98.0977852788403
915		10		0		100.0
404		10		0		100.0
916		10		0		100.0
405		10		0		100.0
917		10		0		100.0
406		10		0		100.0
918		10		0		100.0
407		10		0		100.0
919		10		0		100.0
408		10		0		100.0
920		10		0		98.86914336943981
409		10		0		100.0
921		10		0		100.0
410		10		0		100.0
922		10		0		100.0
411		10		0		100.0
923		10		0		100.0
412		10		0		100.0
924		10		0		100.0
413		10		0		100.0
925		10		0		100.0
414		10		0		100.0
926		10		0		100.0
415		10		0		100.0
927		10		0		100.0
416		10		0		100.0
928		10		0		100.0
417		10		0		100.0
929		10		0		100.0
418		10		0		100.0
930		10		0		100.0
419		10		0		100.0
931		10		0		100.0
420		10		0		100.0
932		10		0		100.0
421		10		0		100.0
933		10		0		98.40707582589123
422		10		0		100.0
934		10		0		100.0
423		10		0		100.0
935		10		0		100.0
424		10		0		100.0
936		10		0		100.0
425		10		0		100.0
937		10		0		100.0
426		10		0		100.0
938		10		0		100.0
427		10		0		100.0
939		10		0		100.0
428		10		0		100.0
940		10		0		100.0
429		10		0		100.0
941		10		0		100.0
430		10		0		100.0
942		10		0		100.0
431		10		0		100.0
943		10		0		100.0
432		10		0		100.0
944		10		0		100.0
433		10		0		100.0
945		10		0		100.0
434		10		0		99.29869723285587
946		10		0		100.0
435		10		0		100.0
947		10		0		98.33993148484798
436		10		0		100.0
948		10		0		100.0
437		10		0		100.0
949		10		0		100.0
438		10		0		100.0
950		10		0		100.0
439		10		0		100.0
951		10		0		100.0
440		10		0		100.0
952		10		0		100.0
441		10		0		100.0
953		10		0		100.0
442		10		0		100.0
954		10		0		100.0
443		10		0		100.0
955		10		0		100.0
444		10		0		100.0
956		10		0		100.0
445		10		0		100.0
957		10		0		100.0
446		10		0		100.0
958		10		0		100.0
447		10		0		100.0
959		10		0		100.0
448		10		0		100.0
960		10		0		100.0
449		10		0		100.0
961		10		0		100.0
450		10		0		100.0
962		10		0		100.0
451		10		0		100.0
963		10		0		98.88513439906001
452		10		0		100.0
964		10		0		100.0
453		10		0		100.0
965		10		0		100.0
454		10		0		100.0
966		10		0		100.0
455		10		0		100.0
967		10		0		100.0
456		10		0		100.0
968		10		0		100.0
457		10		0		100.0
969		10		0		100.0
458		10		0		98.48063307816963
970		10		0		100.0
459		10		0		100.0
971		10		0		100.0
460		10		0		98.40707582589123
972		10		0		100.0
461		10		0		100.0
973		10		0		100.0
462		10		0		100.0
974		10		0		100.0
463		10		0		100.0
975		10		0		100.0
464		10		0		100.0
976		10		0		100.0
465		10		0		100.0
977		10		0		100.0
466		10		0		100.0
978		10		0		100.0
467		10		0		100.0
979		10		0		100.0
468		10		0		100.0
980		10		0		100.0
469		10		0		100.0
981		10		0		100.0
470		10		0		100.0
982		10		0		100.0
471		10		0		100.0
983		10		0		100.0
472		10		0		100.0
984		10		0		100.0
473		10		0		100.0
985		10		0		100.0
474		10		0		100.0
986		10		0		100.0
475		10		0		100.0
987		10		0		100.0
476		10		0		100.0
988		10		0		100.0
477		10		0		100.0
989		10		0		100.0
478		10		0		100.0
990		10		0		100.0
479		10		0		100.0
991		10		0		100.0
480		10		0		100.0
992		10		0		100.0
481		10		0		100.0
993		10		0		100.0
482		10		0		100.0
994		10		0		100.0
483		10		0		100.0
995		10		0		100.0
484		10		0		100.0
996		10		0		100.0
485		10		0		100.0
997		10		0		98.78589609840071
486		10		0		100.0
998		10		0		100.0
487		10		0		100.0
999		10		0		100.0
488		10		0		100.0
1000		10		0		100.0
489		10		0		100.0
1001		10		0		100.0
490		10		0		100.0
1002		10		0		100.0
491		10		0		100.0
1003		10		0		100.0
492		10		0		100.0
1004		10		0		100.0
493		10		0		100.0
1005		10		0		100.0
494		10		0		100.0
1006		10		0		100.0
495		10		0		100.0
1007		10		0		100.0
496		10		0		100.0
1008		10		0		100.0
497		10		0		100.0
1009		10		0		100.0
498		10		0		100.0
1010		10		0		100.0
499		10		0		100.0
1011		10		0		100.0
500		10		0		100.0
1012		10		0		100.0
501		10		0		100.0
1013		10		0		100.0
502		10		0		100.0
1014		10		0		100.0
503		10		0		100.0
1015		10		0		100.0
504		10		0		100.0
1016		10		0		100.0
505		10		0		100.0
1017		10		0		100.0
506		10		0		100.0
1018		10		0		100.0
507		10		0		99.60926480937897
1019		10		0		100.0
508		10		0		100.0
1020		10		0		100.0
509		10		0		100.0
1021		10		0		100.0
510		10		0		100.0
1022		10		0		100.0
511		10		0		100.0
1023		10		0		74.58686183887897
