0		1		0		50.0
3		1		0		50.0
2		1		2		50.0
4		1		2		50.0
0		2		0		63.605456508219724
5		2		0		86.39454349178027
0		3		0		68.67130829771723
6		3		0		94.93414821050249
3		2		0		88.80943438637333
7		2		0		61.19056561362668
0		4		0		73.61976657235266
8		4		0		95.05154172536457
6		4		0		97.3020917899519
9		4		0		97.6320564205506
7		3		0		90.34323077547123
10		3		0		70.84733483815545
2		2		2		59.448350114251056
11		2		2		90.55164988574894
4		2		2		83.23484613417992
12		2		2		66.76515386582008
8		5		0		98.86135818211524
13		5		0		96.19018354324935
10		4		0		96.42961336520239
14		4		0		74.41772147295308
8		6		0		100.0
15		6		0		98.86135818211524
9		5		0		98.77347180594866
16		5		0		98.85858461460192
2		3		2		62.92803493887538
17		3		2		96.52031517537569
10		5		0		99.06913858429711
18		5		0		97.36047478090528
14		5		0		100.0
19		5		0		74.41772147295308
4		3		2		88.33292965452479
20		3		2		94.90191647965513
5		3		0		93.97834815592284
21		3		0		92.41619533585744
0		5		0		73.61976657235266
22		5		0		100.0
4		4		2		97.87313584111118
23		4		2		90.45979381341361
14		6		0		100.0
24		6		0		100.0
3		3		0		93.55905092104649
25		3		0		95.25038346532682
13		6		0		99.09966403516252
26		6		0		97.09051950808683
15		7		0		100.0
27		7		0		98.86135818211524
21		4		0		96.93368515931286
28		4		0		95.48251017654458
24		7		0		100.0
29		7		0		100.0
